0.0
19.0
35.0
49.0
78.0
99.0
122.0
142.0
157.0
189.0
210.0
245.0
265.0
279.0
275.0
203.0
147.0
86.0
55.0
17.0
-7.0
-35.0
-62.0
-88.0
-110.0
-140.0
-162.0
-187.0
-211.0
-233.0
-237.0
-235.0
-174.0
-115.0
-75.0
-24.0
29.0
39.0
-9.0
-36.0
-73.0
-90.0
-100.0
-49.0
8.0
51.0
108.0
156.0
266.0
233.0
177.0
120.0
67.0
51.0
-28.0
-60.0
-133.0
-151.0
-81.0
-26.0
7.0
40.0
51.0
41.0
5.0
-25.0
-62.0
-81.0
-81.0
-55.0
-25.0
15.0
27.0
19.0
-11.0
-36.0
-65.0
-78.0
-46.0
-25.0
16.0
39.0
55.0
79.0
57.0
23.0
5.0
-22.0
-37.0
-39.0
-21.0
-5.0
9.0
8.0
-12.0
-14.0
1.0
9.0
-6.0
-23.0
9.0
51.0
-5.0
-74.0
-145.0
-92.0
7.0
43.0
1.0
-69.0
-133.0
-199.0
-247.0
-205.0
-66.0
13.0
94.0
202.0
259.0
285.0
224.0
121.0
55.0
-89.0
-188.0
-277.0
-298.0
-239.0
-194.0
-173.0
-221.0
-243.0
-171.0
-110.0
-19.0
-76.0
-85.0
-9.0
74.0
163.0
194.0
159.0
141.0
214.0
253.0
279.0
211.0
73.0
-51.0
-150.0
-259.0
-297.0
-253.0
-189.0
-124.0
-75.0
-15.0
79.0
143.0
207.0
249.0
267.0
264.0
208.0
154.0
110.0
61.0
8.0
-29.0
-77.0
-110.0
-177.0
-195.0
-232.0
-233.0
-197.0
-97.0
-59.0
48.0
68.0
9.0
-41.0
-69.0
-96.0
-101.0
-54.0
-18.0
27.0
49.0
48.0
-11.0
-35.0
-64.0
-53.0
-12.0
21.0
44.0
57.0
39.0
7.971615
2.657205
-7.971615
-17.006112
-23.383404000000002
-24.977726999999994
-14.880348
1.5943230000000002
18.600435
26.57205
32.417901
27.103491
7.971615
-3.720087
-15.411789
-18.068994
1.062882
19.663317
10.097379000000002
-4.251528
-17.537553000000003
-21.789080999999996
-3.720087
15.411789
19.131876
4.782969
-5.845851000000001
-13.286025
-13.286025
10.097379000000002
13.286025
-11.691702000000001
-17.537553000000003
-25.509168000000003
-46.235367000000004
-30.292137
8.503056
30.292137
72.275976
83.436237
111.071169
89.813529
53.1441
20.726199
-6.377292000000001
-39.858075
-64.304361
-62.178596999999996
-30.823578
9.565938
43.57816199999999
78.653268
93.53361600000001
120.63710699999999
135.517455
150.929244
157.83797700000002
139.23754200000002
94.06505700000001
66.961566
41.983838999999996
12.223143
-22.851963000000005
-57.927069
-87.15632399999998
-108.413964
-126.482958
-138.706101
-152.523567
-154.11789
-154.11789
-141.894747
-112.13405099999999
-97.25370299999999
-57.927069
-35.60654699999999
-9.565938
1.5943230000000002
136.58033700000001
123.825753
100.44234900000001
81.31047299999999
48.36113100000001
33.480783
12.223143
-5.845851000000001
-21.25764
-39.326634
-58.98995100000002
-83.436237
-103.630995
-118.511343
-129.671604
-129.671604
-119.57422500000001
-113.19693299999997
-86.624883
-81.31047299999999
-70.15021200000001
-54.738423
-34.012224
-7.971615
7.971615
39.858075
84.499119
127.54584
128.077281
99.379467
85.03056
52.08121799999999
-12.223143
-63.241479
-110.008287
-125.95151700000001
-77.058945
-51.54977699999999
-12.223143
49.95545399999999
96.190821
91.40785200000002
22.851963000000005
-19.131876
-49.95545399999999
-28.166373
-2.657205
36.669429
72.275976
90.87641099999999
90.87641099999999
52.612658999999994
13.817466000000003
-13.817466000000003
-39.326634
-41.452398
-3.720087
15.411789
-10.62882
-19.663317
0.531441
7.440174
12.754584000000001
1.062882
-4.782969
-8.503056
9.034497
17.537553000000003
19.663317
-23.383404000000002
-43.046721
-7.971615
12.754584000000001
31.355019
53.67554100000001
24.977726999999994
-8.503056
-36.669429
-41.452398
2.657205
52.612658999999994
96.190821
30.292137
-16.474671000000004
-72.275976
-99.379467
-35.075106000000005
3.1886460000000003
63.241479
92.47073400000001
90.34496999999999
30.292137
4.782969
-28.697814
-54.206982
-74.933181
-91.93929299999999
-103.630995
-103.09955399999998
-53.67554100000001
-38.795193
-12.223143
-2.657205
22.851963000000005
27.103491
38.795193
58.45850999999999
80.247591
100.97379
114.791256
124.35719399999999
140.831865
135.517455
108.413964
72.807417
70.68165300000001
73.338858
59.521392
36.669429
18.600435
-2.657205
-26.040608999999996
-51.54977699999999
-86.093442
-105.756759
-81.84191399999999
-70.15021200000001
-62.710038
-18.068994
31.355019
65.367243
117.448461
150.39780299999998
142.42618799999997
107.88252299999998
77.590386
49.424013
5.845851000000001
-41.0
-84.0
-148.0
-171.0
-157.0
-99.0
-81.0
-26.0
15.0
87.0
125.0
212.0
256.0
265.0
201.0
118.0
59.0
-14.0
-55.0
-134.0
-189.0
-226.0
-281.0
-279.0
-251.0
-188.0
-170.0
-99.0
-19.0
40.0
112.0
183.0
245.0
280.0
246.0
193.0
119.0
69.0
16.0
-33.0
-72.0
-122.0
-173.0
-217.0
-235.0
-185.0
-127.0
-68.0
-18.0
-5.0
45.0
78.0
65.0
43.0
6.0
-29.0
-49.0
-43.0
-17.0
9.0
26.0
35.0
14.0
-13.0
-23.0
-33.0
-9.0
19.0
27.0
-2.0
-21.0
-7.0
26.0
-15.0
-11.0
7.0
-13.0
33.0
15.0
-31.0
-15.0
18.0
-20.0
5.0
17.0
-37.0
-8.0
10.0
-19.0
-49.0
-5.0
9.0
-21.0
19.0
-57.0
-15.0
20.0
47.0
62.0
53.0
11.0
-33.0
-65.0
-53.0
-3.0
39.0
68.0
87.0
96.0
57.0
29.0
-1.0
-35.0
-65.0
-67.0
-28.0
1.0
32.0
83.0
99.0
112.0
57.0
-16.0
-66.0
-99.0
-77.0
-15.0
65.0
137.0
193.0
215.0
108.0
13.0
-99.0
-185.0
-193.0
-226.0
-162.0
-59.0
52.0
187.0
271.0
214.0
110.0
9.0
-77.0
-145.0
-192.0
-239.0
-277.0
-295.0
-299.0
-279.0
-257.0
-199.0
-142.0
-84.0
5.0
63.0
125.0
214.0
269.0
297.0
273.0
258.0
225.0
184.0
145.0
105.0
45.0
-14.0
-73.0
-99.0
-135.0
-157.0
-186.0
-230.0
-225.0
-205.0
-110.0
-41.0
13.0
103.0
164.0
162.0
122.0
69.0
5.0
-65.0
-111.0
-143.0
-107.0
-79.0
-21.0
46.0
87.0
117.0
106.0
43.0
7.0
-40.0
-84.0
-26.0
-3.0
43.0
40.0
9.0
-14.0
-21.0
15.0
23.0
5.0
-14.0
-13.0
10.0
-14.0
-10.0
6.0
2.0
1.0
1.0
1.0
1.0
1.0
1.0
2.0
0.0
19.0
35.0
49.0
78.0
99.0
122.0
142.0
157.0
189.0
210.0
245.0
265.0
279.0
275.0
203.0
147.0
86.0
55.0
17.0
-7.0
-35.0
-62.0
-88.0
-110.0
-140.0
-162.0
-187.0
-211.0
-233.0
-237.0
-235.0
-174.0
-115.0
-75.0
-24.0
29.0
39.0
-9.0
-36.0
-73.0
-90.0
-100.0
-49.0
8.0
51.0
108.0
156.0
266.0
233.0
177.0
120.0
67.0
51.0
-28.0
-60.0
-133.0
-151.0
-81.0
-26.0
7.0
40.0
51.0
41.0
5.0
-25.0
-62.0
-81.0
-81.0
-55.0
-25.0
15.0
27.0
19.0
-11.0
-36.0
-65.0
-78.0
-46.0
-25.0
16.0
39.0
55.0
79.0
57.0
23.0
5.0
-22.0
-37.0
-39.0
-21.0
-5.0
9.0
8.0
-12.0
-14.0
1.0
9.0
-6.0
-23.0
9.0
51.0
-5.0
-74.0
-145.0
-92.0
7.0
43.0
1.0
-69.0
-133.0
-199.0
-247.0
-205.0
-66.0
13.0
94.0
202.0
259.0
285.0
224.0
121.0
55.0
-89.0
-188.0
-277.0
-298.0
-239.0
-194.0
-173.0
-221.0
-243.0
-171.0
-110.0
-19.0
-76.0
-85.0
-9.0
74.0
163.0
194.0
159.0
141.0
214.0
253.0
279.0
211.0
73.0
-51.0
-150.0
-259.0
-297.0
-253.0
-189.0
-124.0
-75.0
-15.0
79.0
143.0
207.0
249.0
267.0
264.0
208.0
154.0
110.0
61.0
8.0
-29.0
-77.0
-110.0
-177.0
-195.0
-232.0
-233.0
-197.0
-97.0
-59.0
48.0
68.0
9.0
-41.0
-69.0
-96.0
-101.0
-54.0
-18.0
27.0
49.0
48.0
-11.0
-35.0
-64.0
-53.0
-12.0
21.0
44.0
57.0
39.0
7.971615
2.657205
-7.971615
-17.006112
-23.383404000000002
-24.977726999999994
-14.880348
1.5943230000000002
18.600435
26.57205
32.417901
27.103491
7.971615
-3.720087
-15.411789
-18.068994
1.062882
19.663317
10.097379000000002
-4.251528
-17.537553000000003
-21.789080999999996
-3.720087
15.411789
19.131876
4.782969
-5.845851000000001
-13.286025
-13.286025
10.097379000000002
13.286025
-11.691702000000001
-17.537553000000003
-25.509168000000003
-46.235367000000004
-30.292137
8.503056
30.292137
72.275976
83.436237
111.071169
89.813529
53.1441
20.726199
-6.377292000000001
-39.858075
-64.304361
-62.178596999999996
-30.823578
9.565938
43.57816199999999
78.653268
93.53361600000001
120.63710699999999
135.517455
150.929244
157.83797700000002
139.23754200000002
94.06505700000001
66.961566
41.983838999999996
12.223143
-22.851963000000005
-57.927069
-87.15632399999998
-108.413964
-126.482958
-138.706101
-152.523567
-154.11789
-154.11789
-141.894747
-112.13405099999999
-97.25370299999999
-57.927069
-35.60654699999999
-9.565938
1.5943230000000002
136.58033700000001
123.825753
100.44234900000001
81.31047299999999
48.36113100000001
33.480783
12.223143
-5.845851000000001
-21.25764
-39.326634
-58.98995100000002
-83.436237
-103.630995
-118.511343
-129.671604
-129.671604
-119.57422500000001
-113.19693299999997
-86.624883
-81.31047299999999
-70.15021200000001
-54.738423
-34.012224
-7.971615
7.971615
39.858075
84.499119
127.54584
128.077281
99.379467
85.03056
52.08121799999999
-12.223143
-63.241479
-110.008287
-125.95151700000001
-77.058945
-51.54977699999999
-12.223143
49.95545399999999
96.190821
91.40785200000002
22.851963000000005
-19.131876
-49.95545399999999
-28.166373
-2.657205
36.669429
72.275976
90.87641099999999
90.87641099999999
52.612658999999994
13.817466000000003
-13.817466000000003
-39.326634
-41.452398
-3.720087
15.411789
-10.62882
-19.663317
0.531441
7.440174
12.754584000000001
1.062882
-4.782969
-8.503056
9.034497
17.537553000000003
19.663317
-23.383404000000002
-43.046721
-7.971615
12.754584000000001
31.355019
53.67554100000001
24.977726999999994
-8.503056
-36.669429
-41.452398
2.657205
52.612658999999994
96.190821
30.292137
-16.474671000000004
-72.275976
-99.379467
-35.075106000000005
3.1886460000000003
63.241479
92.47073400000001
90.34496999999999
30.292137
4.782969
-28.697814
-54.206982
-74.933181
-91.93929299999999
-103.630995
-103.09955399999998
-53.67554100000001
-38.795193
-12.223143
-2.657205
22.851963000000005
27.103491
38.795193
58.45850999999999
80.247591
100.97379
114.791256
124.35719399999999
140.831865
135.517455
108.413964
72.807417
70.68165300000001
73.338858
59.521392
36.669429
18.600435
-2.657205
-26.040608999999996
-51.54977699999999
-86.093442
-105.756759
-81.84191399999999
-70.15021200000001
-62.710038
-18.068994
31.355019
65.367243
117.448461
150.39780299999998
142.42618799999997
107.88252299999998
77.590386
49.424013
5.845851000000001
-41.0
-84.0
-148.0
-171.0
-157.0
-99.0
-81.0
-26.0
15.0
87.0
125.0
212.0
256.0
265.0
201.0
118.0
59.0
-14.0
-55.0
-134.0
-189.0
-226.0
-281.0
-279.0
-251.0
-188.0
-170.0
-99.0
-19.0
40.0
112.0
183.0
245.0
280.0
246.0
193.0
119.0
69.0
16.0
-33.0
-72.0
-122.0
-173.0
-217.0
-235.0
-185.0
-127.0
-68.0
-18.0
-5.0
45.0
78.0
65.0
43.0
6.0
-29.0
-49.0
-43.0
-17.0
9.0
26.0
35.0
14.0
-13.0
-23.0
-33.0
-9.0
19.0
27.0
-2.0
-21.0
-7.0
26.0
-15.0
-11.0
7.0
-13.0
33.0
15.0
-31.0
-15.0
18.0
-20.0
5.0
17.0
-37.0
-8.0
10.0
-19.0
-49.0
-5.0
9.0
-21.0
19.0
-57.0
-15.0
20.0
47.0
62.0
53.0
11.0
-33.0
-65.0
-53.0
-3.0
39.0
68.0
87.0
96.0
57.0
29.0
-1.0
-35.0
-65.0
-67.0
-28.0
1.0
32.0
83.0
99.0
112.0
57.0
-16.0
-66.0
-99.0
-77.0
-15.0
65.0
137.0
193.0
215.0
108.0
13.0
-99.0
-185.0
-193.0
-226.0
-162.0
-59.0
52.0
187.0
271.0
214.0
110.0
9.0
-77.0
-145.0
-192.0
-239.0
-277.0
-295.0
-299.0
-279.0
-257.0
-199.0
-142.0
-84.0
5.0
63.0
125.0
214.0
269.0
297.0
273.0
258.0
225.0
184.0
145.0
105.0
45.0
-14.0
-73.0
-99.0
-135.0
-157.0
-186.0
-230.0
-225.0
-205.0
-110.0
-41.0
13.0
103.0
164.0
162.0
122.0
69.0
5.0
-65.0
-111.0
-143.0
-107.0
-79.0
-21.0
46.0
87.0
117.0
106.0
43.0
7.0
-40.0
-84.0
-26.0
-3.0
43.0
40.0
9.0
-14.0
-21.0
15.0
23.0
5.0
-14.0
-13.0
10.0
-14.0
-10.0
6.0
2.0
1.0
1.0
1.0
1.0
1.0
1.0
2.0
0.0
19.0
35.0
49.0
78.0
99.0
122.0
142.0
157.0
189.0
210.0
245.0
265.0
279.0
275.0
203.0
147.0
86.0
55.0
17.0
-7.0
-35.0
-62.0
-88.0
-110.0
-140.0
-162.0
-187.0
-211.0
-233.0
-237.0
-235.0
-174.0
-115.0
-75.0
-24.0
29.0
39.0
-9.0
-36.0
-73.0
-90.0
-100.0
-49.0
8.0
51.0
108.0
156.0
266.0
233.0
177.0
120.0
67.0
51.0
-28.0
-60.0
-133.0
-151.0
-81.0
-26.0
7.0
40.0
51.0
41.0
5.0
-25.0
-62.0
-81.0
-81.0
-55.0
-25.0
15.0
27.0
19.0
-11.0
-36.0
-65.0
-78.0
-46.0
-25.0
16.0
39.0
55.0
79.0
57.0
23.0
5.0
-22.0
-37.0
-39.0
-21.0
-5.0
9.0
8.0
-12.0
-14.0
1.0
9.0
-6.0
-23.0
9.0
51.0
-5.0
-74.0
-145.0
-92.0
7.0
43.0
1.0
-69.0
-133.0
-199.0
-247.0
-205.0
-66.0
13.0
94.0
202.0
259.0
285.0
224.0
121.0
55.0
-89.0
-188.0
-277.0
-298.0
-239.0
-194.0
-173.0
-221.0
-243.0
-171.0
-110.0
-19.0
-76.0
-85.0
-9.0
74.0
163.0
194.0
159.0
141.0
214.0
253.0
279.0
211.0
73.0
-51.0
-150.0
-259.0
-297.0
-253.0
-189.0
-124.0
-75.0
-15.0
79.0
143.0
207.0
249.0
267.0
264.0
208.0
154.0
110.0
61.0
8.0
-29.0
-77.0
-110.0
-177.0
-195.0
-232.0
-233.0
-197.0
-97.0
-59.0
48.0
68.0
9.0
-41.0
-69.0
-96.0
-101.0
-54.0
-18.0
27.0
49.0
48.0
-11.0
-35.0
-64.0
-53.0
-12.0
21.0
44.0
57.0
39.0
7.971615
2.657205
-7.971615
-17.006112
-23.383404000000002
-24.977726999999994
-14.880348
1.5943230000000002
18.600435
26.57205
32.417901
27.103491
7.971615
-3.720087
-15.411789
-18.068994
1.062882
19.663317
10.097379000000002
-4.251528
-17.537553000000003
-21.789080999999996
-3.720087
15.411789
19.131876
4.782969
-5.845851000000001
-13.286025
-13.286025
10.097379000000002
13.286025
-11.691702000000001
-17.537553000000003
-25.509168000000003
-46.235367000000004
-30.292137
8.503056
30.292137
72.275976
83.436237
111.071169
89.813529
53.1441
20.726199
-6.377292000000001
-39.858075
-64.304361
-62.178596999999996
-30.823578
9.565938
43.57816199999999
78.653268
93.53361600000001
120.63710699999999
135.517455
150.929244
157.83797700000002
139.23754200000002
94.06505700000001
66.961566
41.983838999999996
12.223143
-22.851963000000005
-57.927069
-87.15632399999998
-108.413964
-126.482958
-138.706101
-152.523567
-154.11789
-154.11789
-141.894747
-112.13405099999999
-97.25370299999999
-57.927069
-35.60654699999999
-9.565938
1.5943230000000002
136.58033700000001
123.825753
100.44234900000001
81.31047299999999
48.36113100000001
33.480783
12.223143
-5.845851000000001
-21.25764
-39.326634
-58.98995100000002
-83.436237
-103.630995
-118.511343
-129.671604
-129.671604
-119.57422500000001
-113.19693299999997
-86.624883
-81.31047299999999
-70.15021200000001
-54.738423
-34.012224
-7.971615
7.971615
39.858075
84.499119
127.54584
128.077281
99.379467
85.03056
52.08121799999999
-12.223143
-63.241479
-110.008287
-125.95151700000001
-77.058945
-51.54977699999999
-12.223143
49.95545399999999
96.190821
91.40785200000002
22.851963000000005
-19.131876
-49.95545399999999
-28.166373
-2.657205
36.669429
72.275976
90.87641099999999
90.87641099999999
52.612658999999994
13.817466000000003
-13.817466000000003
-39.326634
-41.452398
-3.720087
15.411789
-10.62882
-19.663317
0.531441
7.440174
12.754584000000001
1.062882
-4.782969
-8.503056
9.034497
17.537553000000003
19.663317
-23.383404000000002
-43.046721
-7.971615
12.754584000000001
31.355019
53.67554100000001
24.977726999999994
-8.503056
-36.669429
-41.452398
2.657205
52.612658999999994
96.190821
30.292137
-16.474671000000004
-72.275976
-99.379467
-35.075106000000005
3.1886460000000003
63.241479
92.47073400000001
90.34496999999999
30.292137
4.782969
-28.697814
-54.206982
-74.933181
-91.93929299999999
-103.630995
-103.09955399999998
-53.67554100000001
-38.795193
-12.223143
-2.657205
22.851963000000005
27.103491
38.795193
58.45850999999999
80.247591
100.97379
114.791256
124.35719399999999
140.831865
135.517455
108.413964
72.807417
70.68165300000001
73.338858
59.521392
36.669429
18.600435
-2.657205
-26.040608999999996
-51.54977699999999
-86.093442
-105.756759
-81.84191399999999
-70.15021200000001
-62.710038
-18.068994
31.355019
65.367243
117.448461
150.39780299999998
142.42618799999997
107.88252299999998
77.590386
49.424013
5.845851000000001
-41.0
-84.0
-148.0
-171.0
-157.0
-99.0
-81.0
-26.0
15.0
87.0
125.0
212.0
256.0
265.0
201.0
118.0
59.0
-14.0
-55.0
-134.0
-189.0
-226.0
-281.0
-279.0
-251.0
-188.0
-170.0
-99.0
-19.0
40.0
112.0
183.0
245.0
280.0
246.0
193.0
119.0
69.0
16.0
-33.0
-72.0
-122.0
-173.0
-217.0
-235.0
-185.0
-127.0
-68.0
-18.0
-5.0
45.0
78.0
65.0
43.0
6.0
-29.0
-49.0
-43.0
-17.0
9.0
26.0
35.0
14.0
-13.0
-23.0
-33.0
-9.0
19.0
27.0
-2.0
-21.0
-7.0
26.0
-15.0
-11.0
7.0
-13.0
33.0
15.0
-31.0
-15.0
18.0
-20.0
5.0
17.0
-37.0
-8.0
10.0
-19.0
-49.0
-5.0
9.0
-21.0
19.0
-57.0
-15.0
20.0
47.0
62.0
53.0
11.0
-33.0
-65.0
-53.0
-3.0
39.0
68.0
87.0
96.0
57.0
29.0
-1.0
-35.0
-65.0
-67.0
-28.0
1.0
32.0
83.0
99.0
112.0
57.0
-16.0
-66.0
-99.0
-77.0
-15.0
65.0
137.0
193.0
215.0
108.0
13.0
-99.0
-185.0
-193.0
-226.0
-162.0
-59.0
52.0
187.0
271.0
214.0
110.0
9.0
-77.0
-145.0
-192.0
-239.0
-277.0
-295.0
-299.0
-279.0
-257.0
-199.0
-142.0
-84.0
5.0
63.0
125.0
214.0
269.0
297.0
273.0
258.0
225.0
184.0
145.0
105.0
45.0
-14.0
-73.0
-99.0
-135.0
-157.0
-186.0
-230.0
-225.0
-205.0
-110.0
-41.0
13.0
103.0
164.0
162.0
122.0
69.0
5.0
-65.0
-111.0
-143.0
-107.0
-79.0
-21.0
46.0
87.0
117.0
106.0
43.0
7.0
-40.0
-84.0
-26.0
-3.0
43.0
40.0
9.0
-14.0
-21.0
15.0
23.0
5.0
-14.0
-13.0
10.0
-14.0
-10.0
6.0
2.0
1.0
1.0
1.0
1.0
1.0
1.0
2.0
0.0
19.0
35.0
49.0
78.0
99.0
122.0
142.0
157.0
189.0
210.0
245.0
265.0
279.0
275.0
203.0
147.0
86.0
55.0
17.0
-7.0
-35.0
-62.0
-88.0
-110.0
-140.0
-162.0
-187.0
-211.0
-233.0
-237.0
-235.0
-174.0
-115.0
-75.0
-24.0
29.0
39.0
-9.0
-36.0
-73.0
-90.0
-100.0
-49.0
8.0
51.0
108.0
156.0
266.0
233.0
177.0
120.0
67.0
51.0
-28.0
-60.0
-133.0
-151.0
-81.0
-26.0
7.0
40.0
51.0
41.0
5.0
-25.0
-62.0
-81.0
-81.0
-55.0
-25.0
15.0
27.0
19.0
-11.0
-36.0
-65.0
-78.0
-46.0
-25.0
16.0
39.0
55.0
79.0
57.0
23.0
5.0
-22.0
-37.0
-39.0
-21.0
-5.0
9.0
8.0
-12.0
-14.0
1.0
9.0
-6.0
-23.0
9.0
51.0
-5.0
-74.0
-145.0
-92.0
7.0
43.0
1.0
-69.0
-133.0
-199.0
-247.0
-205.0
-66.0
13.0
94.0
202.0
259.0
285.0
224.0
121.0
55.0
-89.0
-188.0
-277.0
-298.0
-239.0
-194.0
-173.0
-221.0
-243.0
-171.0
-110.0
-19.0
-76.0
-85.0
-9.0
74.0
163.0
194.0
159.0
141.0
214.0
253.0
279.0
211.0
73.0
-51.0
-150.0
-259.0
-297.0
-253.0
-189.0
-124.0
-75.0
-15.0
79.0
143.0
207.0
249.0
267.0
264.0
208.0
154.0
110.0
61.0
8.0
-29.0
-77.0
-110.0
-177.0
-195.0
-232.0
-233.0
-197.0
-97.0
-59.0
48.0
68.0
9.0
-41.0
-69.0
-96.0
-101.0
-54.0
-18.0
27.0
49.0
48.0
-11.0
-35.0
-64.0
-53.0
-12.0
21.0
44.0
57.0
39.0
7.971615
2.657205
-7.971615
-17.006112
-23.383404000000002
-24.977726999999994
-14.880348
1.5943230000000002
18.600435
26.57205
32.417901
27.103491
7.971615
-3.720087
-15.411789
-18.068994
1.062882
19.663317
10.097379000000002
-4.251528
-17.537553000000003
-21.789080999999996
-3.720087
15.411789
19.131876
4.782969
-5.845851000000001
-13.286025
-13.286025
10.097379000000002
13.286025
-11.691702000000001
-17.537553000000003
-25.509168000000003
-46.235367000000004
-30.292137
8.503056
30.292137
72.275976
83.436237
111.071169
89.813529
53.1441
20.726199
-6.377292000000001
-39.858075
-64.304361
-62.178596999999996
-30.823578
9.565938
43.57816199999999
78.653268
93.53361600000001
120.63710699999999
135.517455
150.929244
157.83797700000002
139.23754200000002
94.06505700000001
66.961566
41.983838999999996
12.223143
-22.851963000000005
-57.927069
-87.15632399999998
-108.413964
-126.482958
-138.706101
-152.523567
-154.11789
-154.11789
-141.894747
-112.13405099999999
-97.25370299999999
-57.927069
-35.60654699999999
-9.565938
1.5943230000000002
136.58033700000001
123.825753
100.44234900000001
81.31047299999999
48.36113100000001
33.480783
12.223143
-5.845851000000001
-21.25764
-39.326634
-58.98995100000002
-83.436237
-103.630995
-118.511343
-129.671604
-129.671604
-119.57422500000001
-113.19693299999997
-86.624883
-81.31047299999999
-70.15021200000001
-54.738423
-34.012224
-7.971615
7.971615
39.858075
84.499119
127.54584
128.077281
99.379467
85.03056
52.08121799999999
-12.223143
-63.241479
-110.008287
-125.95151700000001
-77.058945
-51.54977699999999
-12.223143
49.95545399999999
96.190821
91.40785200000002
22.851963000000005
-19.131876
-49.95545399999999
-28.166373
-2.657205
36.669429
72.275976
90.87641099999999
90.87641099999999
52.612658999999994
13.817466000000003
-13.817466000000003
-39.326634
-41.452398
-3.720087
15.411789
-10.62882
-19.663317
0.531441
7.440174
12.754584000000001
1.062882
-4.782969
-8.503056
9.034497
17.537553000000003
19.663317
-23.383404000000002
-43.046721
-7.971615
12.754584000000001
31.355019
53.67554100000001
24.977726999999994
-8.503056
-36.669429
-41.452398
2.657205
52.612658999999994
96.190821
30.292137
-16.474671000000004
-72.275976
-99.379467
-35.075106000000005
3.1886460000000003
63.241479
92.47073400000001
90.34496999999999
30.292137
4.782969
-28.697814
-54.206982
-74.933181
-91.93929299999999
-103.630995
-103.09955399999998
-53.67554100000001
-38.795193
-12.223143
-2.657205
22.851963000000005
27.103491
38.795193
58.45850999999999
80.247591
100.97379
114.791256
124.35719399999999
140.831865
135.517455
108.413964
72.807417
70.68165300000001
73.338858
59.521392
36.669429
18.600435
-2.657205
-26.040608999999996
-51.54977699999999
-86.093442
-105.756759
-81.84191399999999
-70.15021200000001
-62.710038
-18.068994
31.355019
65.367243
117.448461
150.39780299999998
142.42618799999997
107.88252299999998
77.590386
49.424013
5.845851000000001
-41.0
-84.0
-148.0
-171.0
-157.0
-99.0
-81.0
-26.0
15.0
87.0
125.0
212.0
256.0
265.0
201.0
118.0
59.0
-14.0
-55.0
-134.0
-189.0
-226.0
-281.0
-279.0
-251.0
-188.0
-170.0
-99.0
-19.0
40.0
112.0
183.0
245.0
280.0
246.0
193.0
119.0
69.0
16.0
-33.0
-72.0
-122.0
-173.0
-217.0
-235.0
-185.0
-127.0
-68.0
-18.0
-5.0
45.0
78.0
65.0
43.0
6.0
-29.0
-49.0
-43.0
-17.0
9.0
26.0
35.0
14.0
-13.0
-23.0
-33.0
-9.0
19.0
27.0
-2.0
-21.0
-7.0
26.0
-15.0
-11.0
7.0
-13.0
33.0
15.0
-31.0
-15.0
18.0
-20.0
5.0
17.0
-37.0
-8.0
10.0
-19.0
-49.0
-5.0
9.0
-21.0
19.0
-57.0
-15.0
20.0
47.0
62.0
53.0
11.0
-33.0
-65.0
-53.0
-3.0
39.0
68.0
87.0
96.0
57.0
29.0
-1.0
-35.0
-65.0
-67.0
-28.0
1.0
32.0
83.0
99.0
112.0
57.0
-16.0
-66.0
-99.0
-77.0
-15.0
65.0
137.0
193.0
215.0
108.0
13.0
-99.0
-185.0
-193.0
-226.0
-162.0
-59.0
52.0
187.0
271.0
214.0
110.0
9.0
-77.0
-145.0
-192.0
-239.0
-277.0
-295.0
-299.0
-279.0
-257.0
-199.0
-142.0
-84.0
5.0
63.0
125.0
214.0
269.0
297.0
273.0
258.0
225.0
184.0
145.0
105.0
45.0
-14.0
-73.0
-99.0
-135.0
-157.0
-186.0
-230.0
-225.0
-205.0
-110.0
-41.0
13.0
103.0
164.0
162.0
122.0
69.0
5.0
-65.0
-111.0
-143.0
-107.0
-79.0
-21.0
46.0
87.0
117.0
106.0
43.0
7.0
-40.0
-84.0
-26.0
-3.0
43.0
40.0
9.0
-14.0
-21.0
15.0
23.0
5.0
-14.0
-13.0
10.0
-14.0
-10.0
6.0
2.0
1.0
1.0
1.0
1.0
1.0
1.0
2.0
0.0
12.465900000000001
22.9635
32.1489
51.1758
64.95389999999999
80.04419999999999
93.1662
103.00770000000001
124.00290000000001
137.781
160.7445
173.8665
183.05190000000002
180.4275
133.18829999999997
96.4467
56.42460000000001
36.085499999999996
11.1537
-4.5927
-22.9635
-40.678200000000004
-57.7368
-72.17099999999999
-91.854
-106.2882
-122.6907
-138.4371
-152.8713
-155.4957
-154.1835
-114.1614
-75.45150000000001
-49.207499999999996
-15.746400000000001
19.0269
25.5879
-5.9049
-23.6196
-47.8953
-59.049
-65.61
-32.1489
5.248800000000001
33.4611
70.8588
102.3516
174.5226
152.8713
116.12970000000001
78.732
43.95869999999999
33.4611
-18.3708
-39.366
-87.2613
-99.0711
-53.1441
-17.058600000000002
4.5927
26.244
33.4611
26.9001
3.2805
-16.4025
-40.678200000000004
-53.1441
-53.1441
-36.085499999999996
-16.4025
9.8415
17.7147
12.465900000000001
-7.2171
-23.6196
-42.646499999999996
-51.1758
-30.1806
-16.4025
10.497600000000002
25.5879
36.085499999999996
51.8319
37.3977
15.0903
3.2805
-14.4342
-24.2757
-25.5879
-13.778099999999998
-3.2805
5.9049
5.248800000000001
-7.873200000000001
-9.1854
0.6561000000000001
5.9049
-3.9366000000000003
-15.0903
5.9049
33.4611
-3.2805
-48.5514
-95.1345
-60.3612
4.5927
28.212300000000006
0.6561000000000001
-45.270900000000005
-87.2613
-130.5639
-162.0567
-134.50050000000002
-43.302600000000005
8.529300000000001
61.673399999999994
132.53220000000002
169.92989999999998
186.9885
146.9664
79.38810000000001
36.085499999999996
-58.39289999999999
-123.34679999999999
-181.7397
-195.5178
-156.8079
-127.28339999999999
-113.50529999999999
-144.9981
-159.4323
-112.19309999999999
-72.17099999999999
-12.465900000000001
-49.863600000000005
-55.768499999999996
-5.9049
48.5514
106.9443
127.28339999999999
104.31989999999999
92.5101
140.4054
165.99329999999998
183.05190000000002
138.4371
47.8953
-33.4611
-98.41499999999999
-169.92989999999998
-194.86170000000004
-165.99329999999998
-48.041264155418105
-31.51913627127961
-19.0639937124675
-3.8127987424935004
20.080740043799096
36.348681345104694
52.616622646410306
63.292459125392085
67.86781761638429
67.10525786788561
52.870809229243214
39.1447337562666
27.960524111618998
15.505381552806902
2.0334926626632006
-7.3714109021541
-19.5723668781333
-27.960524111618998
-44.9910251614233
-49.56638365241548
-58.9712872172328
-59.22547380006571
-50.074756818081305
-24.656098534791294
-14.997008387141097
12.200955975979202
17.284687632637198
2.2876792454960992
-10.421649896148896
-17.5388742154701
-24.401911951958404
-25.672844866122908
-13.726075472976602
-4.5753584909921985
6.863037736488301
12.4551425588121
12.200955975979202
-2.7960524111619005
-8.8965303991515
-16.267941301305605
-13.4718888901437
-3.0502389939948005
5.337918239490899
11.184209644647602
14.488635221475299
9.9132767304831
3.8127987424935004
1.2709329141644996
-3.8127987424935004
-8.133970650652802
-11.184209644647602
-11.946769393146297
-7.117224319321201
0.7625597484987001
8.8965303991515
12.709329141645
15.505381552806902
12.963515724477903
3.8127987424935004
-1.7793060798303002
-7.3714109021541
-8.642343816318599
0.5083731656658002
9.404903564817298
4.829545073825101
-2.0334926626632006
-8.388157233485702
-10.421649896148896
-1.7793060798303002
7.3714109021541
9.150716981984397
2.2876792454960992
-2.7960524111619005
-6.3546645708225
-6.3546645708225
4.829545073825101
6.3546645708225
-5.592104822323801
-8.388157233485702
-12.200955975979202
-22.114232706462303
-14.488635221475299
4.066985325326401
14.488635221475299
34.569375265274395
39.907293504765306
53.124995812076094
42.95753249876009
25.41865828329
9.9132767304831
-3.0502389939948005
-19.0639937124675
-30.7565765227809
-29.739830191449297
-14.7428218043082
4.5753584909921985
20.843299792297792
37.61961425926919
44.73683857859041
57.700354303068295
167.3055
186.3324
194.86170000000004
171.8982
116.12970000000001
82.6686
51.8319
15.0903
-28.212300000000006
-71.5149
-107.6004
-133.8444
-156.1518
-171.2421
-188.3007
-190.269
-190.269
-175.1787
-138.4371
-120.06629999999998
-71.5149
-43.95869999999999
-11.8098
1.9683000000000002
168.6177
152.8713
124.00290000000001
100.38329999999999
59.70510000000001
41.3343
15.0903
-7.2171
-26.244
-48.5514
-72.82710000000002
-103.00770000000001
-127.9395
-146.3103
-160.08839999999998
-160.08839999999998
-147.6225
-139.74929999999998
-106.9443
-100.38329999999999
-86.60520000000001
-67.5783
-41.99040000000001
-9.8415
9.8415
49.207499999999996
104.31989999999999
157.464
158.1201
122.6907
104.976
64.2978
-15.0903
-78.0759
-135.8127
-155.4957
-95.1345
-63.64169999999999
-15.0903
61.673399999999994
118.75410000000001
112.84920000000002
28.212300000000006
-23.6196
-61.673399999999994
-34.7733
-3.2805
45.270900000000005
89.2296
112.19309999999999
112.19309999999999
64.95389999999999
17.058600000000002
-17.058600000000002
-48.5514
-51.1758
-4.5927
19.0269
-13.122
-24.2757
0.6561000000000001
9.1854
15.746400000000001
1.3122000000000003
-5.9049
-10.497600000000002
11.1537
21.651300000000003
24.2757
-28.8684
-53.1441
-9.8415
15.746400000000001
38.7099
66.26610000000001
30.836699999999997
-10.497600000000002
-45.270900000000005
-51.1758
3.2805
64.95389999999999
118.75410000000001
37.3977
-20.339100000000002
-89.2296
-122.6907
-43.302600000000005
3.9366000000000003
78.0759
114.1614
111.53699999999999
37.3977
5.9049
-35.4294
-66.9222
-92.5101
-113.50529999999999
-127.9395
-127.28339999999999
-66.26610000000001
-47.8953
-15.0903
-3.2805
28.212300000000006
33.4611
47.8953
72.17099999999999
99.0711
124.65899999999999
141.7176
153.5274
173.8665
167.3055
133.8444
89.8857
87.2613
90.54180000000001
73.4832
45.270900000000005
22.9635
-3.2805
-32.1489
-63.64169999999999
-106.2882
-130.5639
-101.03939999999999
-86.60520000000001
-77.4198
-22.3074
38.7099
80.7003
144.9981
185.6763
175.83479999999997
133.18829999999997
95.7906
61.0173
7.2171
-26.9001
-55.112399999999994
-97.1028
-112.19309999999999
-103.00770000000001
-64.95389999999999
-53.1441
-17.058600000000002
9.8415
57.0807
82.0125
139.0932
167.96160000000003
173.8665
131.8761
77.4198
38.7099
-9.1854
-36.085499999999996
-87.91739999999999
-124.00290000000001
-148.27859999999998
-184.3641
-183.05190000000002
-164.68110000000001
-123.34679999999999
-111.53699999999999
-64.95389999999999
-12.465900000000001
26.244
73.4832
120.06629999999998
160.7445
183.708
161.4006
126.62729999999998
78.0759
45.270900000000005
10.497600000000002
-21.651300000000003
-47.2392
-80.04419999999999
-113.50529999999999
-142.3737
-154.1835
-121.3785
-83.32469999999999
-44.6148
-11.8098
-3.2805
29.5245
51.1758
42.646499999999996
28.212300000000006
3.9366000000000003
-19.0269
-32.1489
-28.212300000000006
-11.1537
5.9049
17.058600000000002
22.9635
9.1854
-8.529300000000001
-15.0903
-21.651300000000003
-5.9049
12.465900000000001
17.7147
-1.3122000000000003
-13.778099999999998
-4.5927
17.058600000000002
-9.8415
-7.2171
4.5927
-8.529300000000001
21.651300000000003
9.8415
-20.339100000000002
-9.8415
11.8098
-13.122
3.2805
11.1537
-24.2757
-5.248800000000001
6.561
-12.465900000000001
-32.1489
-3.2805
5.9049
-13.778099999999998
12.465900000000001
-37.3977
-9.8415
13.122
30.836699999999997
40.678200000000004
34.7733
7.2171
-21.651300000000003
-42.646499999999996
-34.7733
-1.9683000000000002
25.5879
44.6148
57.0807
62.985600000000005
37.3977
19.0269
-0.6561000000000001
-22.9635
-42.646499999999996
-43.95869999999999
-18.3708
0.6561000000000001
20.995200000000004
54.456300000000006
64.95389999999999
73.4832
37.3977
-10.497600000000002
-43.302600000000005
-64.95389999999999
-50.51969999999999
-9.8415
42.646499999999996
89.8857
126.62729999999998
141.06150000000002
70.8588
8.529300000000001
-64.95389999999999
-121.3785
-126.62729999999998
-148.27859999999998
-106.2882
-38.7099
34.117200000000004
122.6907
177.8031
140.4054
72.17099999999999
5.9049
-50.51969999999999
-95.1345
-125.97120000000001
-156.8079
-181.7397
-193.54949999999997
-196.17390000000003
-183.05190000000002
-168.6177
-130.5639
-93.1662
-55.112399999999994
3.2805
41.3343
82.0125
140.4054
176.4909
194.86170000000004
179.1153
169.2738
147.6225
120.7224
95.1345
68.8905
29.5245
-9.1854
-47.8953
-64.95389999999999
-88.5735
-103.00770000000001
-122.0346
-150.90300000000002
-147.6225
-134.50050000000002
-72.17099999999999
-26.9001
8.529300000000001
67.5783
107.6004
106.2882
80.04419999999999
45.270900000000005
3.2805
-42.646499999999996
-72.82710000000002
-93.82229999999998
-70.2027
-51.8319
-13.778099999999998
30.1806
57.0807
76.7637
69.5466
28.212300000000006
4.5927
-26.244
-55.112399999999994
-17.058600000000002
-1.9683000000000002
28.212300000000006
26.244
5.9049
-9.1854
-13.778099999999998
9.8415
15.0903
3.2805
-9.1854
-8.529300000000001
6.561
-9.1854
-6.561
3.9366000000000003
1.3122000000000003
0.6561000000000001
0.6561000000000001
0.6561000000000001
0.6561000000000001
0.6561000000000001
0.6561000000000001
1.3122000000000003
