9.034497
20.194758000000004
36.137988
56.864186999999994
82.373355
112.665492
117.97990200000004
115.854138
106.2882
89.28208799999999
64.835802
32.94934200000001
-6.377292000000001
-53.1441
-107.35108200000002
-108.94540500000001
-107.88252299999998
-104.16243599999999
-97.785144
-88.75064700000001
-77.058945
-62.710038
-45.70392600000001
-26.040608999999996
-3.720087
21.25764
48.892572
79.184709
112.13405099999999
101.50523100000001
86.624883
67.49300699999999
44.10960300000001
16.474671000000004
-15.411789
-51.54977699999999
-91.93929299999999
-93.53361600000001
-90.34496999999999
-82.373355
-69.61877100000001
-52.08121799999999
-29.760696
-2.657205
29.229254999999995
65.89868400000002
107.35108200000002
104.69387700000001
97.25370299999999
85.03056
68.024448
46.235367000000004
19.663317
-11.691702000000001
-47.82969
-88.75064700000001
-82.904796
-70.15021200000001
-50.486895
-23.914845
9.565938
49.95545399999999
97.25370299999999
80.247591
58.45850999999999
31.88646
0.531441
-35.60654699999999
-76.527504
-61.115715
-42.51528
-20.726199
4.251528
32.417901
63.77292
98.316585
85.562001
68.555889
47.29824899999999
21.789080999999996
-7.971615
-41.983838999999996
-80.247591
-82.373355
-81.31047299999999
-77.058945
-69.61877100000001
-58.98995100000002
-45.172484999999995
-28.166373
-7.971615
15.411789
41.983838999999996
71.744535
104.69387700000001
104.16243599999999
96.190821
80.77903200000002
57.927069
27.634932000000006
-10.097379000000002
-55.26986400000001
-107.88252299999998
-89.28208799999999
-64.835802
-34.543665
1.5943230000000002
43.57816199999999
91.40785200000002
96.72226200000001
98.848026
97.785144
93.53361600000001
86.093442
75.464622
61.647156
44.641043999999994
24.446286
1.062882
-25.509168000000003
-55.26986400000001
-88.21920600000001
-87.15632399999998
-78.653268
-62.710038
-39.326634
-8.503056
29.760696
75.464622
84.499119
87.15632399999998
83.436237
73.338858
56.864186999999994
34.012224
4.782969
-30.823578
-72.807417
-73.87029899999999
-70.68165300000001
-63.241479
-51.54977699999999
-35.60654699999999
-15.411789
9.034497
37.732311
70.68165300000001
69.61877100000001
62.710038
49.95545399999999
31.355019
6.908733000000002
-23.383404000000002
-59.521392
-48.36113100000001
-34.543665
-18.068994
1.062882
22.851963000000005
47.29824899999999
74.40174
100.97379
104.16243599999999
97.785144
85.03056
65.89868400000002
40.38951600000001
8.503056
-29.760696
-74.40174
-62.710038
-44.641043999999994
-20.194758000000004
10.62882
47.82969
91.40785200000002
95.12793900000001
94.06505700000001
88.21920600000001
77.590386
62.178596999999996
41.983838999999996
17.006112
-12.754584000000001
-47.29824899999999
-86.624883
-71.744535
-52.612658999999994
-29.229254999999995
-1.5943230000000002
30.292137
66.430125
106.819641
113.19693299999997
112.13405099999999
103.630995
87.68776500000001
64.304361
33.480783
-4.782969
-50.486895
-103.630995
-84.499119
-60.584274
-31.88646
1.5943230000000002
39.858075
82.904796
77.590386
64.835802
44.641043999999994
17.006112
-18.068994
-60.584274
-110.53972800000003
-97.25370299999999
-77.058945
-49.95545399999999
-15.94323
24.977726999999994
72.807417
59.521392
39.326634
12.223143
-21.789080999999996
-62.710038
-110.53972800000003
-103.09955399999998
-91.93929299999999
-77.058945
-58.45850999999999
-36.137988
-10.097379000000002
19.663317
53.1441
90.34496999999999
94.59649799999998
95.12793900000001
91.93929299999999
85.03056
74.40174
60.052833
41.983838999999996
20.194758000000004
-5.31441
-34.543665
-67.49300699999999
-73.87029899999999
-77.058945
-81.84191399999999
-77.058945
-73.87029899999999
-67.49300699999999
-57.927069
-45.172484999999995
-29.229254999999995
-10.097379000000002
12.223143
37.732311
66.430125
98.316585
78.653268
52.612658999999994
20.194758000000004
-18.600435
-63.77292
-45.70392600000001
-23.914845
1.5943230000000002
30.823578
63.77292
100.44234900000001
106.819641
108.413964
105.22531799999999
97.25370299999999
84.499119
66.961566
44.641043999999994
17.537553000000003
-14.348907
-51.018336000000005
-92.47073400000001
-104.16243599999999
-108.413964
-108.94540500000001
-105.756759
-98.848026
-88.21920600000001
-73.87029899999999
-55.801305000000006
-34.012224
-8.503056
20.726199
53.67554100000001
90.34496999999999
95.65938
98.316585
100.97379
98.316585
95.65938
90.34496999999999
82.373355
71.744535
58.45850999999999
42.51528
23.914845
2.657205
-21.25764
-47.82969
-77.058945
-108.94540500000001
-103.630995
-95.12793900000001
-83.436237
-68.555889
-50.486895
-29.229254999999995
-4.782969
22.851963000000005
53.67554100000001
87.68776500000001
124.88863500000001
124.35719399999999
117.97990200000004
105.756759
87.68776500000001
63.77292
34.012224
-1.5943230000000002
-43.046721
-90.34496999999999
-75.99606299999999
-56.864186999999994
-32.94934200000001
-4.251528
29.229254999999995
67.49300699999999
110.53972800000003
100.97379
85.03056
62.710038
34.012224
-1.062882
-42.51528
-89.28208799999999
-90.34496999999999
-85.562001
-75.99606299999999
-61.647156
-42.51528
-18.600435
10.097379000000002
43.57816199999999
81.84191399999999
124.88863500000001
120.63710699999999
113.72837399999999
104.16243599999999
91.93929299999999
77.058945
59.521392
39.326634
16.474671000000004
-9.034497
-37.20087
-68.024448
-101.50523100000001
-99.379467
-92.47073400000001
-80.77903200000002
-64.304361
-43.046721
-17.006112
13.817466000000003
49.424013
89.813529
69.61877100000001
42.51528
8.503056
-32.417901
-80.247591
-83.436237
-82.904796
-78.653268
-70.68165300000001
-58.98995100000002
-43.57816199999999
-24.446286
-1.5943230000000002
24.977726999999994
55.26986400000001
89.28208799999999
127.01439899999998
113.72837399999999
93.002175
64.835802
29.229254999999995
-13.817466000000003
-64.304361
-61.647156
-52.08121799999999
-35.60654699999999
-12.223143
18.068994
55.26986400000001
99.379467
88.75064700000001
72.807417
51.54977699999999
24.977726999999994
-6.908733000000002
-44.10960300000001
-86.624883
-83.436237
-75.464622
-62.710038
-45.172484999999995
-22.851963000000005
4.251528
36.137988
72.807417
114.25981500000002
108.94540500000001
98.316585
82.373355
61.115715
34.543665
2.657205
-34.543665
-77.058945
-77.590386
-71.744535
-59.521392
-40.920956999999994
-15.94323
15.411789
53.1441
97.25370299999999
98.316585
91.93929299999999
78.121827
56.864186999999994
28.166373
-7.971615
-51.54977699999999
-102.56811299999998
-95.12793900000001
-80.247591
-57.927069
-28.166373
9.034497
53.67554100000001
105.756759
108.94540500000001
105.22531799999999
94.59649799999998
77.058945
52.612658999999994
21.25764
-17.006112
-62.178596999999996
-57.395628
-49.424013
-38.263752
-23.914845
-6.377292000000001
14.348907
38.263752
65.367243
95.65938
77.058945
53.67554100000001
25.509168000000003
-7.440174
-45.172484999999995
-87.68776500000001
-82.373355
-74.40174
-63.77292
-50.486895
-34.543665
-15.94323
5.31441
29.229254999999995
55.801305000000006
85.03056
116.91701999999998
123.294312
125.420076
123.294312
116.91701999999998
106.2882
91.40785200000002
72.275976
48.892572
21.25764
-10.62882
-46.766808000000005
-87.15632399999998
-89.28208799999999
-84.499119
-72.807417
-54.206982
-28.697814
3.720087
43.046721
89.28208799999999
77.058945
57.395628
30.292137
-4.251528
-46.235367000000004
-95.65938
-91.93929299999999
-85.03056
-74.933181
-61.647156
-45.172484999999995
-25.509168000000003
-2.657205
23.383404000000002
52.612658999999994
85.03056
83.96767799999999
76.527504
62.710038
42.51528
15.94323
-17.006112
-56.332746
-102.03667200000001
-87.15632399999998
-65.89868400000002
-38.263752
-4.251528
36.137988
82.904796
75.464622
63.241479
46.235367000000004
24.446286
-2.125764
-33.480783
-69.61877100000001
-58.45850999999999
-43.046721
-23.383404000000002
0.531441
28.697814
61.115715
97.785144
106.2882
108.94540500000001
105.756759
96.72226200000001
81.84191399999999
61.115715
34.543665
2.125764
-36.137988
-80.247591
-62.710038
-41.983838999999996
-18.068994
9.034497
39.326634
72.807417
109.476846
104.16243599999999
93.53361600000001
77.590386
56.332746
29.760696
-2.125764
-39.326634
-81.84191399999999
-72.807417
-60.052833
-43.57816199999999
-23.383404000000002
0.531441
28.166373
59.521392
61.115715
55.801305000000006
43.57816199999999
24.446286
-1.5943230000000002
-34.543665
-74.40174
-64.835802
-47.82969
-23.383404000000002
8.503056
47.82969
94.59649799999998
86.624883
74.933181
59.521392
40.38951600000001
17.537553000000003
-9.034497
