16.005162539817
35.776245677237995
64.020650159268
100.73837598590698
145.92942315715501
199.59379167301196
209.00859316702207
205.242672569418
188.2960298802
158.16866509936796
114.860578226922
58.37176926286201
-11.297761792812
-94.1480149401
-190.17899017900203
-193.00343062720498
-191.12047032840294
-184.530109282596
-173.23234748978402
-157.227184949967
-136.514621663145
-111.09465762931801
-80.96729284848601
-46.132527320649
-6.590361045806999
37.659205976040006
86.61617374489201
140.28054226074903
198.652311523611
179.82270853559103
153.46126435236297
119.56797897392698
78.14285240028302
29.185884631431005
-27.302924332629004
-91.32357449189696
-162.87606584637297
-165.70050629457603
-160.05162539816996
-145.92942315715501
-123.333899571531
-92.265054641298
-52.72288836645599
-4.707400747005001
51.78140821705498
116.74353852572402
190.17899017900203
185.47158943199702
172.2908673403829
150.63682390416002
120.50945912332801
81.90877299788701
34.834765527837
-20.712563286822004
-84.73321344609
-157.227184949967
-146.870903306556
-124.27537972093205
-89.44061419309502
-42.366606723045
16.946642689218
88.49913404369399
172.2908673403829
142.16350255955098
103.56281643410996
56.48880896405999
0.9414801494010001
-63.079170009866985
-135.573141513744
-108.27021718111502
-75.31841195208001
-36.717725826639
7.531841195208001
57.430289113461
112.97761792811998
174.17382763918496
151.578304053561
121.450939272729
83.79173329668897
38.600686125441
-14.122202241014998
-74.376931802679
-142.16350255955098
-145.92942315715501
-144.04646285835298
-136.514621663145
-123.333899571531
-104.50429658351104
-80.02581269908498
-49.89844791825299
-14.122202241014998
27.302924332629004
74.376931802679
127.099820169135
185.47158943199702
184.530109282596
170.407907041581
143.10498270895198
102.621336284709
48.95696776885201
-17.888122838618997
-97.91393553770402
-191.12047032840294
-158.16866509936796
-114.860578226922
-61.196209711064995
2.824440448203
77.201372250882
161.93458569697202
171.34938719098204
175.115307788586
173.23234748978402
165.70050629457603
152.519784202962
133.690181214942
109.21169733051602
79.08433254968398
43.308086872446005
1.8829602988020002
-45.191047171248
-97.91393553770402
-156.28570480056604
-154.402744501764
-139.339062111348
-111.09465762931801
-69.669531055674
-15.063682390416002
52.72288836645599
133.690181214942
149.695343754759
154.402744501764
147.81238345595702
129.924260617338
100.73837598590698
60.25472956166401
8.473321344609
-54.60584866525801
-128.982780467937
-130.86574076673898
-125.21685987033304
-112.03613777871898
-91.32357449189696
-63.079170009866985
-27.302924332629004
16.005162539817
66.845090607471
125.21685987033304
123.333899571531
111.09465762931801
88.49913404369399
55.547328814659004
12.239241942213003
-41.42512657364401
-105.44577673291198
-85.67469359549102
-61.196209711064995
-32.010325079634
1.8829602988020002
40.483646424243005
83.79173329668897
131.80722091614
178.88122838619003
184.530109282596
173.23234748978402
150.63682390416002
116.74353852572402
71.55249135447599
15.063682390416002
-52.72288836645599
-131.80722091614
-111.09465762931801
-79.08433254968398
-35.776245677237995
18.829602988020003
84.73321344609
161.93458569697202
168.52494674277904
166.64198644397698
156.28570480056604
137.45610181254597
110.15317747991699
74.376931802679
30.127364780832004
-22.595523585624
-83.79173329668897
-153.46126435236297
-127.099820169135
-93.206534790699
-51.78140821705498
-2.824440448203
53.66436851585701
117.68501867512502
189.23751002960097
200.535271822413
198.652311523611
183.588629133195
155.34422465116504
113.919098077521
59.31324941226299
-8.473321344609
-89.44061419309502
-183.588629133195
-149.695343754759
-107.32873703171401
-56.48880896405999
2.824440448203
70.611011205075
146.870903306556
137.45610181254597
114.860578226922
79.08433254968398
30.127364780832004
-32.010325079634
-107.32873703171401
-195.82787107540804
-172.2908673403829
-136.514621663145
-88.49913404369399
-28.244404482029996
44.24956702184699
128.982780467937
105.44577673291198
69.669531055674
21.654043436223002
-38.600686125441
-111.09465762931801
-195.82787107540804
-182.64714898379393
-162.87606584637297
-136.514621663145
-103.56281643410996
-64.020650159268
-17.888122838618997
34.834765527837
94.1480149401
160.05162539816996
167.58346659337795
168.52494674277904
162.87606584637297
150.63682390416002
131.80722091614
106.38725688231298
74.376931802679
35.776245677237995
-9.414801494010002
-61.196209711064995
-119.56797897392698
-130.86574076673898
-136.514621663145
-144.98794300775398
-136.514621663145
-130.86574076673898
-119.56797897392698
-102.621336284709
-80.02581269908498
-51.78140821705498
-17.888122838618997
21.654043436223002
66.845090607471
117.68501867512502
174.17382763918496
139.339062111348
93.206534790699
35.776245677237995
-32.951805229035
-112.97761792811998
-80.96729284848601
-42.366606723045
2.824440448203
54.60584866525801
112.97761792811998
177.939748236789
189.23751002960097
192.061950477804
186.413069581398
172.2908673403829
149.695343754759
118.62649882452598
79.08433254968398
31.068844930233013
-25.419964033827007
-90.382094342496
-163.81754599577403
-184.530109282596
-192.061950477804
-193.00343062720498
-187.35454973079902
-175.115307788586
-156.28570480056604
-130.86574076673898
-98.855415687105
-60.25472956166401
-15.063682390416002
36.717725826639
95.08949508950101
160.05162539816996
169.46642689218
174.17382763918496
178.88122838619003
174.17382763918496
169.46642689218
160.05162539816996
145.92942315715501
127.099820169135
103.56281643410996
75.31841195208001
42.366606723045
4.707400747005001
-37.659205976040006
-84.73321344609
-136.514621663145
-193.00343062720498
-183.588629133195
-168.52494674277904
-147.81238345595702
-121.450939272729
-89.44061419309502
-51.78140821705498
-8.473321344609
40.483646424243005
95.08949508950101
155.34422465116504
221.24783510923498
220.30635495983398
209.00859316702207
187.35454973079902
155.34422465116504
112.97761792811998
60.25472956166401
-2.824440448203
-76.259892101481
-160.05162539816996
-134.631661364343
-100.73837598590698
-58.37176926286201
-7.531841195208001
51.78140821705498
119.56797897392698
195.82787107540804
178.88122838619003
150.63682390416002
111.09465762931801
60.25472956166401
-1.8829602988020002
-75.31841195208001
-158.16866509936796
-160.05162539816996
-151.578304053561
-134.631661364343
-109.21169733051602
-75.31841195208001
-32.951805229035
17.888122838618997
77.201372250882
144.98794300775398
221.24783510923498
213.71599391402697
201.47675197181397
184.530109282596
162.87606584637297
136.514621663145
105.44577673291198
69.669531055674
29.185884631431005
-16.005162539817
-65.90361045807
-120.50945912332801
-179.82270853559103
-176.056787937987
-163.81754599577403
-143.10498270895198
-113.919098077521
-76.259892101481
-30.127364780832004
24.478483884426005
87.557653894293
159.110145248769
123.333899571531
75.31841195208001
15.063682390416002
-57.430289113461
-142.16350255955098
-147.81238345595702
-146.870903306556
-139.339062111348
-125.21685987033304
-104.50429658351104
-77.201372250882
-43.308086872446005
-2.824440448203
44.24956702184699
97.91393553770402
158.16866509936796
225.01375570683902
201.47675197181397
164.75902614517503
114.860578226922
51.78140821705498
-24.478483884426005
-113.919098077521
-109.21169733051602
-92.265054641298
-63.079170009866985
-21.654043436223002
32.010325079634
97.91393553770402
176.056787937987
157.227184949967
128.982780467937
91.32357449189696
44.24956702184699
-12.239241942213003
-78.14285240028302
-153.46126435236297
-147.81238345595702
-133.690181214942
-111.09465762931801
-80.02581269908498
-40.483646424243005
7.531841195208001
64.020650159268
128.982780467937
202.418232121215
193.00343062720498
174.17382763918496
145.92942315715501
108.27021718111502
61.196209711064995
4.707400747005001
-61.196209711064995
-136.514621663145
-137.45610181254597
-127.099820169135
-105.44577673291198
-72.49397150387699
-28.244404482029996
27.302924332629004
94.1480149401
172.2908673403829
174.17382763918496
162.87606584637297
138.397581961947
100.73837598590698
49.89844791825299
-14.122202241014998
-91.32357449189696
-181.70566883439295
-168.52494674277904
-142.16350255955098
-102.621336284709
-49.89844791825299
16.005162539817
95.08949508950101
187.35454973079902
193.00343062720498
186.413069581398
167.58346659337795
136.514621663145
93.206534790699
37.659205976040006
-30.127364780832004
-110.15317747991699
-101.67985613530803
-87.557653894293
-67.786570756872
-42.366606723045
-11.297761792812
25.419964033827007
67.786570756872
115.802058376323
169.46642689218
136.514621663145
95.08949508950101
45.191047171248
-13.180722091613998
-80.02581269908498
-155.34422465116504
-145.92942315715501
-131.80722091614
-112.97761792811998
-89.44061419309502
-61.196209711064995
-28.244404482029996
9.414801494010002
51.78140821705498
98.855415687105
150.63682390416002
207.12563286821992
218.42339466103203
222.18931525863601
218.42339466103203
207.12563286821992
188.2960298802
161.93458569697202
128.041300318536
86.61617374489201
37.659205976040006
-18.829602988020003
-82.85025314728802
-154.402744501764
-158.16866509936796
-149.695343754759
-128.982780467937
-96.030975238902
-50.839928067654014
6.590361045806999
76.259892101481
158.16866509936796
136.514621663145
101.67985613530803
53.66436851585701
-7.531841195208001
-81.90877299788701
-169.46642689218
-162.87606584637297
-150.63682390416002
-132.748701065541
-109.21169733051602
-80.02581269908498
-45.191047171248
-4.707400747005001
41.42512657364401
93.206534790699
150.63682390416002
148.753863605358
135.573141513744
111.09465762931801
75.31841195208001
28.244404482029996
-30.127364780832004
-99.79689583650598
-180.764188684992
-154.402744501764
-116.74353852572402
-67.786570756872
-7.531841195208001
64.020650159268
146.870903306556
133.690181214942
112.03613777871898
81.90877299788701
43.308086872446005
-3.7659205976040004
-59.31324941226299
-123.333899571531
-103.56281643410996
-76.259892101481
-41.42512657364401
0.9414801494010001
50.839928067654014
108.27021718111502
173.23234748978402
188.2960298802
193.00343062720498
187.35454973079902
171.34938719098204
144.98794300775398
108.27021718111502
61.196209711064995
3.7659205976040004
-64.020650159268
-142.16350255955098
-111.09465762931801
-74.376931802679
-32.010325079634
16.005162539817
69.669531055674
128.982780467937
193.94491077660598
184.530109282596
165.70050629457603
137.45610181254597
99.79689583650598
52.72288836645599
-3.7659205976040004
-69.669531055674
-144.98794300775398
-128.982780467937
-106.38725688231298
-77.201372250882
-41.42512657364401
0.9414801494010001
49.89844791825299
105.44577673291198
108.27021718111502
98.855415687105
77.201372250882
43.308086872446005
-2.824440448203
-61.196209711064995
-131.80722091614
-114.860578226922
-84.73321344609
-41.42512657364401
15.063682390416002
84.73321344609
167.58346659337795
153.46126435236297
132.748701065541
105.44577673291198
71.55249135447599
31.068844930233013
-16.005162539817
